2737,1
2736,5
2736,3
2736,2
2736,0
2735,7
2735,5
2735,4
2735,2
2735,0
2734,8
2734,6
2734,5
2734,3
2734,1
2734,0
2733,5
2733,4
2733,2
2733,0
2732,44
2732,42
2732,41
2732,39
2732,38
2732,36
2732,34
2732,33
2732,31
2732,30
2732,28
2732,26
2732,25
2732,23
2732,22
2732,20
2732,19
2732,17
2732,15
2732,14
2732,12
2732,11
2732,9
2732,7
2732,6
2732,4
2732,3
2732,1
2732,0
2730,5
2730,3
2730,2
2730,0
2729,6
2729,4
2729,2
2729,1
2721,3
2721,2
2721,0
2720,6
2720,5
2720,3
2720,2
2720,0
2719,3
2719,1
2718,3
2718,2
2716,3
2715,3
2713,3
2711,3
2710,3
2708,3
2707,3
2706,14
2706,13
2706,11
2706,9
2706,8
2706,6
2706,5
2706,3
2703,3
2702,3
2700,3
2699,3
2698,20
2698,19
2698,17
2698,15
2698,14
2698,12
2698,11
2698,9
2698,7
2698,6
2698,4
2698,3
2696,4
2696,3
2694,3
2693,4
2693,3
2690,5
2690,4
2689,3
2685,3
2681,41
2681,39
2681,38
2681,36
2681,34
2681,33
2681,31
2681,29
2681,27
2681,26
2681,24
2681,22
2681,21
2681,19
2681,17
2681,15
2681,13
2681,12
2681,10
2681,9
2681,7
2681,6
2681,4
2680,3
2679,9
2679,7
2679,6
2679,4
2666,5
2666,4
2666,3
2659,3
2631,4
2627,3
2614,3
2577,105
2577,103
2577,102
2577,100
2577,99
2577,97
2577,95
2577,94
2577,92
2577,91
2577,89
2577,87
2577,86
2577,84
2577,83
2577,81
2577,80
2577,78
2577,76
2577,75
2577,73
2577,72
2577,70
2577,68
2577,67
2577,65
2577,64
2577,34
2577,33
2577,31
2577,29
2577,28
2577,26
2577,25
2577,23
2577,21
2577,20
2577,18
2577,17
2577,15
2577,14
232,3
231,3
230,3
229,3
228,3
227,3
226,3
224,3
223,3
222,3
221,3
220,3
219,3
218,3
217,3
216,3
215,3
214,3
7,3
5,33
5,32
5,31
5,30
5,29
5,28
5,27
5,25
5,24
5,20
5,19
5,13
5,12
5,11
5,10
5,6
5,3
5,2
5,0
4,3
0,204
0,203
0,202
0,201
0,200
0,197
0,61
0,60
0,54
0,53
2737,2
2737,4
2737,7
2737,9
2737,12
2737,13
2737,16
2737,20
2737,21
2737,24
2737,28
2737,32
2738,4
2739,2
2740,1
2740,3
2741,4
2741,6
2741,12
2741,21
2741,29
2741,42
2741,56
2741,67
2741,77
2741,82
2741,90
2741,93
2741,102
2741,104
2741,112
2741,123
2741,124
2741,129
2741,132
2741,137
2741,142
2741,145
2741,150
2741,153
2741,158
2741,159
2741,164
2741,167
2741,169
2741,172
2741,174
2741,177
2741,180
2741,181
2741,194
2741,195
2741,198
2741,202
2741,203
2741,206
2741,208
2741,211
2741,213
2741,216
2741,219
2741,221
2741,224
2741,225
2741,228
2741,232
2741,233
2741,236
2741,238
2741,241
2741,243
2741,246
2741,249
2741,251
2741,254
2741,255
2741,259
2742,1
2742,2
2742,6
2742,7
2742,10
2742,12
2742,15
2742,18
2742,20
2743,0
2743,2
2743,5
2743,8
2744,0
2744,4
2744,5
2745,1
2745,5
2745,6
2746,1
2746,3
2747,0
2747,2
2747,5
2748,1
2748,3
2749,0
2749,1
2750,0
2750,3
2750,4
2750,7
2750,9
2750,12
2750,14
2750,17
2750,20
2750,22
2750,25
2750,26
2750,30
2750,33
2751,0
2751,4
2751,5
2751,8
2751,10
2751,13
2751,16
2751,18
2751,21
2751,23
2751,26
2751,29
2751,31
2751,34
2751,35
2751,38
2751,40
2751,43
2751,46
2751,48
2751,51
2751,53
2751,56
2751,59
2751,61
2751,64
2751,65
2751,69
2751,72
2751,73
2751,76
2751,78
2751,81
2751,83
2751,86
2751,89
2751,91
2751,94
2751,96
2751,99
2751,102
2751,103
2751,107
2751,108
2751,111
2751,113
2751,116
2751,119
2751,121
2751,124
2751,126
2751,129
2751,132
2751,134
2751,137
2751,138
2751,141
2751,143
2751,146
2751,149
2751,151
2751,154
2751,156
2751,159
2751,162
2751,164
2751,167
2751,168
2751,172
2751,175
2751,176
2751,180
2751,181
2751,184
2751,186
2751,189
2751,192
2751,194
2751,197
2751,199
2751,202
2751,205
2751,206
2751,210
2751,211
2751,214
2751,216
2751,219
2751,222
2751,224
2751,227
2751,229
2751,232
2751,235
2751,237
2751,240
2751,241
2751,245
2751,246
2751,249
2751,252
2751,254
2751,257
2751,259
2751,262
2751,265
2751,267
2751,270
2751,271
2751,275
2751,276
2751,279
2751,283
2751,284
2751,287
2751,289
2751,292
2751,295
2751,297
2751,300
2751,302
2751,305
2751,308
2751,310
2751,313
2751,314
2751,317
2751,319
2751,322
2751,325
2751,327
2751,330
2751,332
2751,335
2751,338
2751,340
2751,343
2751,344
2751,385
2751,386
2751,389
2751,392
2752,1
2752,4
2752,6
2752,9
2752,12
2752,14
2753,1
2753,2
2753,6
2754,0
2754,3
2754,7
2755,0
2755,3
2755,5
2755,8
2756,2
2756,4
2756,7
2756,9
2756,12
2756,15
2756,17
2756,20
2756,21
2756,24
2756,26
2756,29
2756,32
2756,34
2756,37
2756,39
2756,65
2756,68
2756,70
2756,73
2756,74
2756,78
2756,79
2756,82
2756,86
2756,87
2756,90
2756,92
2756,95
2756,98
2756,100
2756,103
2756,105
2756,108
2756,109
2756,112
2756,116
2756,117
2756,120
2756,122
2756,125
2756,128
2756,130
2756,133
2756,135
2756,138
2756,141
2756,143
2756,146
2756,147
2840,3
2843,3
2849,3
2858,3
2861,3
2867,3
2870,3
2879,5
2916,2
2916,3
2918,2
2918,3
2921,2
2921,3
2924,2
2924,4
2924,5
2924,7
2927,1
2927,3
2938,1
2938,2
2938,4
2938,5
2953,1
2953,2
2953,4
2953,6
2956,1
2956,3
2956,4
2956,6
2960,2
2960,3
2960,5
2960,6
2960,8
2960,9
2960,11
2960,13
2960,14
2960,16
2960,17
2960,19
2960,21
2960,22
2960,24
2960,25
2960,27
2960,29
2960,30
2960,32
2960,33
2960,35
2960,36
2960,38
2960,40
2960,41
2960,43
2960,44
2961,2
2961,4
2961,5
2962,1
2962,2
2962,4
2962,5
2962,7
2963,1
2963,2
2963,4
2963,5
2963,7
2964,2
2964,3
2964,5
2965,1
2965,3
2965,4
2965,6
2965,8
2965,9
2965,11
2965,12
2965,14
2965,16
2965,17
2965,19
2965,20
2965,22
2965,24
2965,25
2965,27
2965,28
2965,30
2965,31
2966,1
2966,3
2966,4
2967,2
2967,3
2967,5
2968,2
2968,3
2969,1
2969,2
2969,4
2969,5
2969,7
2969,9
2969,10
2969,12
2969,13
2969,15
2969,17
2969,18
2969,20
2969,21
2969,23
2969,24
2969,26
2969,28
2969,29
2969,31
2969,32
2969,34
2969,36
2969,37
2969,39
2969,40
2969,42
2969,43
2969,45
2969,47
2969,48
2969,50
2969,51
2969,53
2969,55
2969,56
2969,58
2969,59
2969,61
2969,63
2969,64
2969,66
2969,67
2969,69
2969,70
2969,72
2969,74
2969,75
2969,77
2969,78
2969,80
2969,82
2969,83
2969,85
2969,86
2969,88
2969,89
2969,91
2969,93
2969,94
2969,96
2969,97
2969,99
2969,101
2969,102
2969,104
2969,105
2969,107
2969,108
2969,110
2969,112
2969,113
2969,115
2969,116
2969,118
2969,120
2969,121
2969,123
2969,124
2969,126
2969,128
2969,129
2969,131
2969,132
2969,134
2969,135
2969,137
2969,139
2969,140
2969,142
2969,143
2969,145
2969,147
2969,148
2969,150
2969,151
2969,153
2969,154
2969,156
2969,158
2969,159
2969,161
2969,162
2969,164
2969,166
2969,167
2969,169
2969,170
2969,172
2969,173
2969,175
2969,177
2969,178
2969,180
2969,181
2969,192
2969,194
2969,195
2969,197
2969,198
2969,200
2969,201
2969,203
2969,205
2969,206
2969,208
2969,209
2969,211
2969,213
2969,214
2969,216
2969,217
2969,219
2969,221
2969,222
2969,224
2969,225
2969,227
2969,228
2969,230
2969,232
2969,233
2969,235
2969,236
2969,238
2969,240
2969,241
2969,243
2969,244
2969,246
2969,247
2969,249
2969,251
2969,252
2969,254
2969,255
2969,257
2969,259
2969,292
2970,2
2970,3
2970,5
2970,6
2970,8
2970,10
2970,11
2970,13
2970,14
2970,16
2970,18
2970,19
2970,21
2970,22
2971,2
2971,4
2971,5
2971,7
2971,8
2972,2
2972,3
2972,5
2973,1
2973,2
2973,4
2973,5
2973,7
2974,2
2974,3
2974,5
2975,1
2975,3
2975,4
2975,6
2976,2
2976,3
2976,5
2977,1
2977,3
2978,1
2978,2
2978,4
2978,5
2978,7
2978,8
2978,10
2978,12
2978,13
2978,15
2978,16
2978,18
2978,20
2978,21
2978,23
2978,24
2978,26
2978,28
2978,29
2978,31
2978,32
2979,1
2979,2
2979,4
2979,6
2979,7
2979,9
2979,10
2979,12
2979,14
2979,15
2979,17
2979,18
2979,20
2979,21
2979,23
2979,25
2979,26
2979,28
2979,29
2979,31
2979,33
2979,34
2979,36
2979,37
2979,39
2979,40
2979,42
2979,44
2979,45
2979,47
2979,48
2979,50
2979,52
2979,53
2979,55
2979,56
2979,58
2979,59
2979,61
2979,63
2979,64
2979,66
2979,67
2979,69
2979,71
2979,72
2979,74
2979,75
2979,77
2979,79
2979,80
2979,82
2979,83
2979,85
2979,86
2979,88
2979,90
2979,91
2979,93
2979,94
2979,96
2979,98
2979,99
2979,101
2979,102
2979,104
2979,105
2979,107
2979,109
2979,110
2979,112
2979,113
2979,115
2979,117
2979,118
2979,120
2979,121
2979,123
2979,124
2979,126
2979,128
2979,129
2979,131
2979,132
2979,134
2979,136
2979,137
2979,139
2979,140
2979,142
2979,144
2979,145
2979,147
2979,148
2979,150
2979,151
2979,153
2979,155
2979,156
2979,158
2979,159
2979,161
2979,163
2979,164
2979,166
2979,167
2979,169
2979,170
2979,172
2979,174
2979,175
2979,177
2979,178
2979,180
2979,182
2979,183
2979,185
2979,186
2979,188
2979,189
2979,191
2979,193
2979,194
2979,196
2979,197
2979,199
2979,201
2979,202
2979,204
2979,205
2979,207
2979,208
2979,210
2979,212
2979,213
2979,215
2979,216
2979,218
2979,220
2979,221
2979,223
2979,224
2979,226
2979,228
2979,229
2979,231
2979,232
2979,234
2979,235
2979,237
2979,239
2979,240
2979,242
2979,243
2979,245
2979,247
2979,248
2979,250
2979,251
2979,253
2979,254
2979,256
2979,258
2979,259
2979,261
2979,262
2979,264
2979,266
2979,267
2979,269
2979,270
2979,272
2979,273
2979,275
2979,277
2979,278
2979,280
2979,281
2979,283
2979,285
2979,286
2979,288
2979,289
2979,291
2979,293
2979,294
2979,296
2979,297
2979,299
2979,300
2979,302
2979,304
2979,305
2979,307
2979,308
2979,310
2979,312
2979,313
2979,315
2979,316
2979,318
2979,319
2979,321
2979,323
2979,324
2979,326
2979,327
2979,329
2979,331
2979,332
2979,334
2979,335
2979,337
2979,338
2979,340
2979,342
2979,343
2979,345
2979,346
2979,385
2979,387
2979,388
2979,390
2979,391
2980,1
2980,2
2980,4
2980,6
2980,7
2980,9
2980,10
2980,12
2980,14
2980,15
2981,2
2981,3
2981,5
2982,1
2982,2
2982,4
2982,5
2982,7
2983,1
2983,3
2983,5
2983,6
2983,8
2984,1
2984,3
2984,5
2984,6
2984,8
2984,9
2984,11
2984,12
2984,14
2984,16
2984,17
2984,19
2984,20
2984,22
2984,24
2984,25
2984,27
2984,28
2984,30
2984,31
2984,33
2984,35
2984,36
2984,38
2984,39
2984,64
2984,66
2984,67
2984,69
2984,70
2984,72
2984,74
2984,75
2984,77
2984,78
2984,80
2984,81
2984,83
2984,85
2984,86
2984,88
2984,89
2984,91
2984,93
2984,94
2984,96
2984,97
2984,99
2984,100
2984,102
2984,104
2984,105
2984,107
2984,108
2984,110
2984,112
2984,113
2984,115
2984,116
2984,118
2984,119
2984,121
2984,123
2984,124
2984,126
2984,127
2984,129
2984,131
2984,132
2984,134
2984,135
2984,137
2984,139
2984,140
2984,142
2984,143
2984,145
2984,146
2984,148
2984,150
2984,151
2984,153
2984,154
2984,156
2984,158
2984,159
2984,161
2984,162
2984,164
2984,165
2984,167
2984,169
2984,170
2984,172
2984,173
2984,175
2984,177
2984,178
2984,180
2984,181
2984,183
2984,184
2984,186
2984,188
2984,189
2984,191
2984,192
2984,194
2984,196
2984,197
2984,199
2984,200
2984,202
2984,203
2984,205
2984,207
2984,208
2984,210
2984,211
2984,213
2984,215
2984,216
2984,218
2984,219
2984,221
2984,223
2984,224
2984,226
2984,227
2984,229
2984,230
2984,232
2984,234
2984,235
2984,237
2984,238
2984,240
2984,242
2984,243
2984,245
2984,246
2984,248
2984,249
2984,251
2984,253
2984,254
2984,256
2984,257
2984,259
2984,261
2984,262
2984,264
2984,265
2984,267
2984,268
2984,270
2984,272
2984,273
2984,275
2984,276
2984,278
2984,280
2984,281
2984,283
2984,284
2984,286
2984,288
2984,289
2984,291
2984,292
2984,294
2984,295
2984,297
2984,299
2984,300
2984,302
2984,303
2984,305
2984,307
2984,308
2984,310
2984,311
2984,313
2984,314
2984,316
2984,318
2984,319
2984,321
2984,322
2984,324
2984,326
2984,327
2984,329
2984,330
2984,332
2984,333
2984,335
2984,337
2984,338
2984,340
2984,341
2984,343
2984,345
2984,346
2984,348
2984,349
2984,351
2984,352
2984,354
2984,356
2984,357
2984,359
2984,360
2984,362
2984,364
2984,365
2984,367
2984,368
2984,370
2984,372
2984,373
2984,375
2984,376
2984,378
2984,379
2984,381
2984,380
2984,377
2984,374
2984,371
2984,369
2984,366
2984,363
2984,361
2984,358
2984,355
2984,353
2984,350
2984,347
2984,344
2984,342
2984,339
2984,336
2984,334
2984,331
2984,328
2984,325
2984,323
2984,320
2984,317
2984,315
2984,312
2984,309
2984,306
2984,304
2984,301
2984,298
2984,296
2984,293
2984,290
2984,287
2984,285
2984,282
2984,279
2984,277
2984,274
2984,271
2984,269
2984,266
2984,263
2984,260
2984,258
2984,255
2984,252
2984,250
2984,247
2984,244
2984,241
2984,239
2984,236
2984,233
2984,231
2984,228
2984,225
2984,222
2984,220
2984,217
2984,214
2984,212
2984,209
2984,206
2984,204
2984,201
2984,198
2984,195
2984,193
2984,190
2984,187
2984,185
2984,182
2984,179
2984,176
2984,174
2984,171
2984,168
2984,166
2984,163
2984,160
2984,157
2984,155
2984,152
2984,149
2984,147
2984,144
2984,141
2984,138
2984,136
2984,133
2984,130
2984,128
2984,125
2984,122
2984,120
2984,117
2984,114
2984,111
2984,109
2984,106
2984,103
2984,101
2984,98
2984,95
2984,92
2984,90
2984,87
2984,84
2984,82
2984,79
2984,76
2984,73
2984,71
2984,68
2984,65
2984,40
2984,37
2984,34
2984,32
2984,29
2984,26
2984,23
2984,21
2984,18
2984,15
2984,13
2984,10
2984,7
2984,4
2984,2
2983,7
2983,4
2983,2
2982,6
2982,3
2981,6
2981,4
2981,1
2980,13
2980,11
2980,8
2980,5
2980,3
2979,392
2979,389
2979,386
2979,384
2979,344
2979,341
2979,339
2979,336
2979,333
2979,330
2979,328
2979,325
2979,322
2979,320
2979,317
2979,314
2979,311
2979,309
2979,306
2979,303
2979,301
2979,298
2979,295
2979,292
2979,290
2979,287
2979,284
2979,282
2979,279
2979,276
2979,274
2979,271
2979,268
2979,265
2979,263
2979,260
2979,257
2979,255
2979,252
2979,249
2979,246
2979,244
2979,241
2979,238
2979,236
2979,233
2979,230
2979,227
2979,225
2979,222
2979,219
2979,217
2979,214
2979,211
2979,209
2979,206
2979,203
2979,200
2979,198
2979,195
2979,192
2979,190
2979,187
2979,184
2979,181
2979,179
2979,176
2979,173
2979,171
2979,168
2979,165
2979,162
2979,160
2979,157
2979,154
2979,152
2979,149
2979,146
2979,143
2979,141
2979,138
2979,135
2979,133
2979,130
2979,127
2979,125
2979,122
2979,119
2979,116
2979,114
2979,111
2979,108
2979,106
2979,103
2979,100
2979,97
2979,95
2979,92
2979,89
2979,87
2979,84
2979,81
2979,78
2979,76
2979,73
2979,70
2979,68
2979,65
2979,62
2979,60
2979,57
2979,54
2979,51
2979,49
2979,46
2979,43
2979,41
2979,38
2979,35
2979,32
2979,30
2979,27
2979,24
2979,22
2979,19
2979,16
2979,13
2979,11
2979,8
2979,5
2979,3
2978,33
2978,30
2978,27
2978,25
2978,22
2978,19
2978,17
2978,14
2978,11
2978,9
2978,6
2978,3
2977,4
2977,2
2976,4
2976,1
2975,5
2975,2
2974,4
2974,1
2973,6
2973,3
2972,6
2972,4
2972,1
2971,6
2971,3
2971,1
2970,20
2970,17
2970,15
2970,12
2970,9
2970,7
2970,4
2970,1
2969,258
2969,256
2969,253
2969,250
2969,248
2969,245
2969,242
2969,239
2969,237
2969,234
2969,231
2969,229
2969,226
2969,223
2969,220
2969,218
2969,215
2969,212
2969,210
2969,207
2969,204
2969,202
2969,199
2969,196
2969,193
2969,182
2969,179
2969,176
2969,174
2969,171
2969,168
2969,165
2969,163
2969,160
2969,157
2969,155
2969,152
2969,149
2969,146
2969,144
2969,141
2969,138
2969,136
2969,133
2969,130
2969,127
2969,125
2969,122
2969,119
2969,117
2969,114
2969,111
2969,109
2969,106
2969,103
2969,100
2969,98
2969,95
2969,92
2969,90
2969,87
2969,84
2969,81
2969,79
2969,76
2969,73
2969,71
2969,68
2969,65
2969,62
2969,60
2969,57
2969,54
2969,52
2969,49
2969,46
2969,44
2969,41
2969,38
2969,35
2969,33
2969,30
2969,27
2969,25
2969,22
2969,19
2969,16
2969,14
2969,11
2969,8
2969,6
2969,3
2968,4
2968,1
2967,4
2967,1
2966,2
2965,32
2965,29
2965,26
2965,23
2965,21
2965,18
2965,15
2965,13
2965,10
2965,7
2965,5
2965,2
2964,4
2964,1
2963,6
2963,3
2962,8
2962,6
2962,3
2961,6
2961,3
2961,1
2960,42
2960,39
2960,37
2960,34
2960,31
2960,28
2960,26
2960,23
2960,20
2960,18
2960,15
2960,12
2960,10
2960,7
2960,4
2960,1
2956,5
2956,2
2953,5
2953,3
2938,6
2938,3
2938,0
2927,2
2924,6
2924,3
2924,1
2921,1
2918,1
2916,1
2879,3
2864,3
2852,3
2846,3
2830,3
2756,144
2756,139
2756,136
2756,131
2756,127
2756,124
2756,119
2756,114
2756,111
2756,106
2756,101
2756,97
2756,93
2756,89
2756,84
2756,81
2756,76
2756,71
2756,66
2756,40
2756,36
2756,31
2756,28
2756,23
2756,18
2756,13
2756,10
2756,5
2756,1
2755,7
2755,2
2754,5
2754,2
2753,4
2752,15
2752,11
2752,7
2752,3
2751,391
2751,388
2751,346
2751,341
2751,336
2751,333
2751,329
2751,324
2751,321
2751,316
2751,311
2751,306
2751,303
2751,298
2751,294
2751,290
2751,286
2751,281
2751,278
2751,273
2751,268
2751,264
2751,260
2751,256
2751,251
2751,248
2751,243
2751,238
2751,233
2751,230
2751,225
2751,221
2751,218
2751,213
2751,208
2751,203
2751,200
2751,195
2751,191
2751,187
2751,183
2751,178
2751,173
2751,170
2751,165
2751,161
2751,157
2751,153
2751,148
2751,145
2751,140
2751,135
2751,130
2751,127
2751,122
2751,118
2751,115
2751,110
2751,105
2751,100
2751,97
2751,92
2751,88
2751,84
2751,80
2751,75
2751,70
2751,67
2751,62
2751,57
2751,54
2751,50
2751,45
2751,42
2751,37
2751,32
2751,27
2751,24
2751,19
2751,15
2751,11
2751,7
2751,2
2750,31
2750,28
2750,23
2750,19
2750,15
2750,11
2750,6
2750,1
2749,3
2748,4
2747,6
2747,3
2746,5
2746,0
2745,3
2745,0
2744,2
2743,6
2743,3
2742,21
2742,17
2742,13
2742,9
2742,4
2741,292
2741,257
2741,252
2741,248
2741,244
2741,240
2741,235
2741,230
2741,227
2741,222
2741,217
2741,214
2741,209
2741,205
2741,200
2741,197
2741,192
2741,178
2741,175
2741,170
2741,166
2741,162
2741,155
2741,147
2741,140
2741,134
2741,128
2741,116
2741,110
2741,97
2741,85
2741,74
2741,59
2741,37
2741,20
2741,9
2741,1
2739,4
2738,1
2737,29
2737,23
2737,18
2737,15
2737,10
2737,5
0,55
0,51
0,62
